9.130000000000000000e+02 9.320000000000000000e+02
9.320000000000000000e+02 7.190000000000000000e+02
9.610000000000000000e+02 4.960000000000000000e+02
1.077000000000000000e+03 4.960000000000000000e+02
1.106000000000000000e+03 7.190000000000000000e+02
1.145000000000000000e+03 9.320000000000000000e+02
1.010000000000000000e+03 4.960000000000000000e+02
1.019000000000000000e+03 2.340000000000000000e+02
1.019000000000000000e+03 1.670000000000000000e+02
1.019000000000000000e+03 2.100000000000000000e+01
9.900000000000000000e+02 3.020000000000000000e+02
8.840000000000000000e+02 3.700000000000000000e+02
9.130000000000000000e+02 2.440000000000000000e+02
1.116000000000000000e+03 2.250000000000000000e+02
1.174000000000000000e+03 3.510000000000000000e+02
1.068000000000000000e+03 3.220000000000000000e+02
