9.070000000000000000e+02 9.360000000000000000e+02
8.830000000000000000e+02 7.430000000000000000e+02
9.640000000000000000e+02 6.230000000000000000e+02
1.076000000000000000e+03 6.230000000000000000e+02
1.156000000000000000e+03 7.430000000000000000e+02
1.140000000000000000e+03 9.280000000000000000e+02
1.020000000000000000e+03 6.230000000000000000e+02
1.012000000000000000e+03 4.140000000000000000e+02
1.012000000000000000e+03 3.580000000000000000e+02
1.004000000000000000e+03 2.130000000000000000e+02
9.720000000000000000e+02 4.300000000000000000e+02
8.830000000000000000e+02 5.430000000000000000e+02
9.070000000000000000e+02 4.300000000000000000e+02
1.116000000000000000e+03 4.060000000000000000e+02
1.172000000000000000e+03 5.100000000000000000e+02
1.060000000000000000e+03 4.380000000000000000e+02
