9.100000000000000000e+02 9.340000000000000000e+02
8.890000000000000000e+02 7.510000000000000000e+02
9.670000000000000000e+02 6.950000000000000000e+02
1.065000000000000000e+03 6.950000000000000000e+02
1.157000000000000000e+03 7.440000000000000000e+02
1.136000000000000000e+03 9.340000000000000000e+02
1.023000000000000000e+03 6.950000000000000000e+02
1.016000000000000000e+03 4.910000000000000000e+02
1.016000000000000000e+03 4.480000000000000000e+02
1.009000000000000000e+03 3.070000000000000000e+02
9.810000000000000000e+02 5.120000000000000000e+02
8.890000000000000000e+02 6.320000000000000000e+02
9.100000000000000000e+02 5.190000000000000000e+02
1.115000000000000000e+03 5.050000000000000000e+02
1.171000000000000000e+03 6.100000000000000000e+02
1.065000000000000000e+03 5.330000000000000000e+02
