8.960000000000000000e+02 9.350000000000000000e+02
8.880000000000000000e+02 7.740000000000000000e+02
8.880000000000000000e+02 6.040000000000000000e+02
9.840000000000000000e+02 6.040000000000000000e+02
1.001000000000000000e+03 7.650000000000000000e+02
9.930000000000000000e+02 9.350000000000000000e+02
9.360000000000000000e+02 6.040000000000000000e+02
9.360000000000000000e+02 3.700000000000000000e+02
9.440000000000000000e+02 3.140000000000000000e+02
9.360000000000000000e+02 1.840000000000000000e+02
7.990000000000000000e+02 6.360000000000000000e+02
8.310000000000000000e+02 5.070000000000000000e+02
8.470000000000000000e+02 3.780000000000000000e+02
1.033000000000000000e+03 3.780000000000000000e+02
1.049000000000000000e+03 5.070000000000000000e+02
1.081000000000000000e+03 6.280000000000000000e+02
