8.780000000000000000e+02 9.300000000000000000e+02
8.780000000000000000e+02 7.480000000000000000e+02
8.950000000000000000e+02 5.490000000000000000e+02
9.820000000000000000e+02 5.490000000000000000e+02
1.007000000000000000e+03 7.480000000000000000e+02
9.990000000000000000e+02 9.300000000000000000e+02
9.380000000000000000e+02 5.490000000000000000e+02
9.380000000000000000e+02 3.250000000000000000e+02
9.380000000000000000e+02 2.730000000000000000e+02
9.380000000000000000e+02 1.340000000000000000e+02
6.700000000000000000e+02 5.060000000000000000e+02
7.740000000000000000e+02 4.280000000000000000e+02
8.520000000000000000e+02 3.160000000000000000e+02
1.033000000000000000e+03 3.160000000000000000e+02
1.103000000000000000e+03 4.280000000000000000e+02
1.198000000000000000e+03 5.150000000000000000e+02
