8.100000000000000000e+02 8.810000000000000000e+02
8.460000000000000000e+02 6.930000000000000000e+02
8.910000000000000000e+02 4.880000000000000000e+02
9.890000000000000000e+02 4.880000000000000000e+02
1.043000000000000000e+03 6.930000000000000000e+02
1.078000000000000000e+03 8.810000000000000000e+02
9.350000000000000000e+02 4.880000000000000000e+02
9.350000000000000000e+02 2.460000000000000000e+02
9.440000000000000000e+02 2.280000000000000000e+02
9.350000000000000000e+02 9.400000000000000000e+01
6.490000000000000000e+02 1.390000000000000000e+02
7.210000000000000000e+02 2.370000000000000000e+02
8.460000000000000000e+02 2.550000000000000000e+02
1.034000000000000000e+03 2.550000000000000000e+02
1.150000000000000000e+03 2.280000000000000000e+02
1.221000000000000000e+03 1.390000000000000000e+02
