8.470000000000000000e+02 8.900000000000000000e+02
8.650000000000000000e+02 7.020000000000000000e+02
8.920000000000000000e+02 4.960000000000000000e+02
9.910000000000000000e+02 4.960000000000000000e+02
1.026000000000000000e+03 6.930000000000000000e+02
1.044000000000000000e+03 8.990000000000000000e+02
9.460000000000000000e+02 4.960000000000000000e+02
9.370000000000000000e+02 2.710000000000000000e+02
9.370000000000000000e+02 2.350000000000000000e+02
9.370000000000000000e+02 9.200000000000000000e+01
6.050000000000000000e+02 3.250000000000000000e+02
7.310000000000000000e+02 3.340000000000000000e+02
8.470000000000000000e+02 2.710000000000000000e+02
1.026000000000000000e+03 2.710000000000000000e+02
1.134000000000000000e+03 3.340000000000000000e+02
1.260000000000000000e+03 3.340000000000000000e+02
