7.870000000000000000e+02 8.990000000000000000e+02
8.450000000000000000e+02 7.340000000000000000e+02
8.940000000000000000e+02 5.300000000000000000e+02
9.910000000000000000e+02 5.300000000000000000e+02
1.059000000000000000e+03 7.340000000000000000e+02
1.117000000000000000e+03 8.990000000000000000e+02
9.420000000000000000e+02 5.300000000000000000e+02
9.420000000000000000e+02 2.780000000000000000e+02
9.420000000000000000e+02 2.780000000000000000e+02
9.420000000000000000e+02 1.420000000000000000e+02
8.450000000000000000e+02 7.400000000000000000e+01
7.770000000000000000e+02 1.910000000000000000e+02
8.650000000000000000e+02 2.780000000000000000e+02
1.020000000000000000e+03 2.880000000000000000e+02
1.088000000000000000e+03 1.810000000000000000e+02
1.029000000000000000e+03 7.400000000000000000e+01
