9.090000000000000000e+02 9.360000000000000000e+02
9.000000000000000000e+02 7.240000000000000000e+02
9.550000000000000000e+02 5.490000000000000000e+02
1.066000000000000000e+03 5.400000000000000000e+02
1.139000000000000000e+03 7.240000000000000000e+02
1.139000000000000000e+03 9.270000000000000000e+02
1.020000000000000000e+03 5.490000000000000000e+02
1.010000000000000000e+03 2.910000000000000000e+02
1.010000000000000000e+03 2.270000000000000000e+02
1.001000000000000000e+03 7.900000000000000000e+01
9.730000000000000000e+02 3.190000000000000000e+02
8.810000000000000000e+02 4.200000000000000000e+02
9.090000000000000000e+02 3.000000000000000000e+02
1.112000000000000000e+03 2.910000000000000000e+02
1.176000000000000000e+03 3.930000000000000000e+02
1.056000000000000000e+03 3.280000000000000000e+02
