9.110000000000000000e+02 9.290000000000000000e+02
8.860000000000000000e+02 7.610000000000000000e+02
9.760000000000000000e+02 7.420000000000000000e+02
1.059000000000000000e+03 7.360000000000000000e+02
1.156000000000000000e+03 7.550000000000000000e+02
1.137000000000000000e+03 9.290000000000000000e+02
1.014000000000000000e+03 7.420000000000000000e+02
1.014000000000000000e+03 5.550000000000000000e+02
1.014000000000000000e+03 5.040000000000000000e+02
1.014000000000000000e+03 3.680000000000000000e+02
9.890000000000000000e+02 5.750000000000000000e+02
8.980000000000000000e+02 7.030000000000000000e+02
9.180000000000000000e+02 5.750000000000000000e+02
1.111000000000000000e+03 5.550000000000000000e+02
1.169000000000000000e+03 6.710000000000000000e+02
1.066000000000000000e+03 5.940000000000000000e+02
